{
  "advancedEditorSelectedIdentifier" : "ShaderGraphEditorPluginID",
  "openSceneRelativePaths" : [
    "Immersive.usda",
    "Materials\/AnalogNoiseMaterial.usda"
  ],
  "recentIdentifiers" : {
    "0CC2D925-5E5B-448E-9FEF-856048816302" : [

    ],
    "18ACC391-AAA9-4ED4-9F71-6E94EC15AAD7" : [

    ],
    "27A1FB55-C033-467B-ACCE-386241CB1285" : [

    ],
    "2AF41E44-FA50-43EC-9786-E2A1F77AC507" : [

    ],
    "33E713D2-F9F9-4E4F-A411-B36DA8201C8C" : [

    ],
    "4DB19BE9-10EE-4379-9A2C-BDCB03E9FDD1" : [

    ],
    "58608263-E13E-4148-8A2D-2220873D46DE" : [

    ],
    "63893EE4-0EBE-40E3-9A8B-6E735B050C7B" : [

    ],
    "6512574B-8270-4E3F-B691-CFC4C61EBACF" : [

    ],
    "66440B77-8CF5-4DDE-A59E-4300E2D389BE" : [

    ],
    "6825BEFF-E269-4097-A91C-47C786476E93" : [

    ],
    "91E338E4-CF6D-43FA-A377-181C93E64763" : [

    ],
    "92E8A5D1-9576-4063-8D34-9C91F5F0D60D" : [

    ],
    "9B9C5BF9-A6D3-4ACE-8139-CEED55847879" : [

    ],
    "AF09ED6F-1707-48FD-8720-65B998362C09" : [

    ],
    "C0CE55B6-4819-4FB8-9D24-B518878B42FA" : [

    ],
    "CDCC13C0-640E-4584-87C2-416654F669C7" : [

    ],
    "CF1A7027-DE10-408F-BB8A-46AA0543861E" : [

    ],
    "D66134B1-3681-4A8E-AFE5-29F257229F3B" : [

    ],
    "D7CDD3B8-B729-464A-B6A6-0CB8AA83EFE2" : [

    ],
    "DFF1A9A7-09BA-4067-9AA6-D503B6BAC0FE" : [

    ],
    "F402F52E-C78F-497F-A47C-6919ED611ED7" : [

    ],
    "F6D65C5A-4349-46D3-9603-5D6A186DBC2D" : [

    ],
    "FFA8D1A5-2E8D-485F-AB4E-4543EB1740F3" : [

    ]
  },
  "sceneCameraHistory" : {
    "4DB19BE9-10EE-4379-9A2C-BDCB03E9FDD1" : [
      {
        "date" : 741437444.234014,
        "title" : "Untitled",
        "transform" : [
          1,
          0,
          -0,
          0,
          -0,
          0.7071069,
          -0.7071067,
          0,
          0,
          0.7071067,
          0.7071069,
          0,
          1.1920929e-07,
          0.11791515,
          0.117915034,
          1
        ]
      }
    ],
    "63893EE4-0EBE-40E3-9A8B-6E735B050C7B" : [
      {
        "date" : 741437234.343277,
        "title" : "Untitled",
        "transform" : [
          1,
          0,
          -0,
          0,
          -0,
          0.7071069,
          -0.7071067,
          0,
          0,
          0.7071067,
          0.7071069,
          0,
          1.1920929e-07,
          0.11791515,
          0.117915034,
          1
        ]
      }
    ],
    "66440B77-8CF5-4DDE-A59E-4300E2D389BE" : [
      {
        "date" : 742647252.517079,
        "title" : "Untitled",
        "transform" : [
          0.99999756,
          0,
          -0.0021972638,
          0,
          -0.0015537001,
          0.7071069,
          -0.70710504,
          0,
          0.0015537003,
          0.70710677,
          0.70710516,
          0,
          0.00061045884,
          0.27782685,
          0.27782625,
          1
        ]
      },
      {
        "date" : 742647251.083289,
        "title" : "Untitled",
        "transform" : [
          0.99999756,
          0,
          -0.0021972638,
          0,
          -0.0015537001,
          0.7071069,
          -0.70710504,
          0,
          0.0015537003,
          0.70710677,
          0.70710516,
          0,
          0.0010424727,
          0.4744413,
          0.47444028,
          1
        ]
      },
      {
        "date" : 742035780.900761,
        "title" : "Untitled",
        "transform" : [
          0.99999756,
          0,
          -0.0021972638,
          0,
          -0.0015537001,
          0.7071069,
          -0.70710504,
          0,
          0.0015537003,
          0.70710677,
          0.70710516,
          0,
          0.0015454087,
          0.70333326,
          0.70333177,
          1
        ]
      },
      {
        "date" : 742035779.201005,
        "title" : "Untitled",
        "transform" : [
          1,
          0,
          0,
          0,
          0,
          0.7071069,
          -0.70710677,
          0,
          0,
          0.70710677,
          0.7071069,
          0,
          0,
          1.2023079,
          1.2023082,
          1
        ]
      }
    ],
    "6825BEFF-E269-4097-A91C-47C786476E93" : [
      {
        "date" : 740838003.191764,
        "title" : "Untitled",
        "transform" : [
          1,
          0,
          -0,
          0,
          -0,
          0.7071069,
          -0.7071067,
          0,
          0,
          0.7071067,
          0.7071069,
          0,
          -3.1973426e-09,
          0.11828317,
          0.118283205,
          1
        ]
      },
      {
        "date" : 740837983.303608,
        "title" : "Untitled",
        "transform" : [
          1,
          0,
          -0,
          0,
          -0,
          0.7071069,
          -0.7071067,
          0,
          0,
          0.7071067,
          0.7071069,
          0,
          -2.9411982e-09,
          0.11828317,
          0.118283205,
          1
        ]
      }
    ],
    "AF09ED6F-1707-48FD-8720-65B998362C09" : [
      {
        "date" : 741508550.061915,
        "title" : "Untitled",
        "transform" : [
          0.99942714,
          7.2587714e-11,
          0.03384459,
          0,
          0.024692329,
          0.68389595,
          -0.7291616,
          0,
          -0.023146188,
          0.7295796,
          0.68350416,
          0,
          -0.07980711,
          2.2593725,
          -0.5723119,
          1
        ]
      },
      {
        "date" : 741507144.23723,
        "title" : "Untitled",
        "transform" : [
          0.99942714,
          7.2587714e-11,
          0.03384459,
          0,
          0.024692329,
          0.68389595,
          -0.7291616,
          0,
          -0.023146188,
          0.7295796,
          0.68350416,
          0,
          0.15701672,
          1.9550735,
          -1.2133495,
          1
        ]
      },
      {
        "date" : 741507020.771357,
        "title" : "Untitled",
        "transform" : [
          0.99942714,
          7.2587714e-11,
          0.03384459,
          0,
          0.024692329,
          0.68389595,
          -0.7291616,
          0,
          -0.023146188,
          0.7295796,
          0.68350416,
          0,
          0.2590198,
          1.9748762,
          -1.2310326,
          1
        ]
      },
      {
        "date" : 741507010.792572,
        "title" : "Untitled",
        "transform" : [
          0.99942714,
          7.2587714e-11,
          0.03384459,
          0,
          0.024692329,
          0.68389595,
          -0.7291616,
          0,
          -0.023146188,
          0.7295796,
          0.68350416,
          0,
          0.49317527,
          1.9456121,
          -1.191867,
          1
        ]
      },
      {
        "date" : 741506986.265507,
        "title" : "Untitled",
        "transform" : [
          0.99942714,
          7.2587714e-11,
          0.03384459,
          0,
          0.024692329,
          0.68389595,
          -0.7291616,
          0,
          -0.023146188,
          0.7295796,
          0.68350416,
          0,
          0.30813754,
          1.9493408,
          -1.2021123,
          1
        ]
      },
      {
        "date" : 741506571.893365,
        "title" : "Untitled",
        "transform" : [
          0.99942714,
          7.2587714e-11,
          0.03384459,
          0,
          0.024692329,
          0.68389595,
          -0.7291616,
          0,
          -0.023146188,
          0.7295796,
          0.68350416,
          0,
          0.5426892,
          1.874815,
          -1.11462,
          1
        ]
      },
      {
        "date" : 741506555.482967,
        "title" : "Untitled",
        "transform" : [
          0.9945122,
          0,
          -0.10462082,
          0,
          -0.07397808,
          0.7071069,
          -0.70322627,
          0,
          0.0739781,
          0.7071067,
          0.70322645,
          0,
          0.5964544,
          1.8622763,
          -1.1155899,
          1
        ]
      },
      {
        "date" : 741506553.264195,
        "title" : "Untitled",
        "transform" : [
          0.9945122,
          0,
          -0.10462082,
          0,
          -0.07397808,
          0.7071069,
          -0.70322627,
          0,
          0.0739781,
          0.7071067,
          0.70322645,
          0,
          0.2197634,
          1.8418515,
          -1.0554253,
          1
        ]
      },
      {
        "date" : 741506472.658084,
        "title" : "Untitled",
        "transform" : [
          1,
          0,
          0,
          0,
          0,
          0.7071069,
          -0.7071067,
          0,
          0,
          0.7071067,
          0.7071069,
          0,
          0.49822938,
          1.5334874,
          -1.2963693,
          1
        ]
      },
      {
        "date" : 741506465.757905,
        "title" : "Untitled",
        "transform" : [
          1,
          0,
          0,
          0,
          0,
          0.7071069,
          -0.7071067,
          0,
          0,
          0.7071067,
          0.7071069,
          0,
          0.49734196,
          1.6505122,
          -1.1943088,
          1
        ]
      }
    ],
    "C0CE55B6-4819-4FB8-9D24-B518878B42FA" : [
      {
        "date" : 755325705.439641,
        "title" : "Untitled",
        "transform" : [
          0.99603856,
          2.4060722e-09,
          0.08892257,
          0,
          0.014215257,
          0.9871396,
          -0.15922779,
          0,
          -0.08777899,
          0.15986107,
          0.9832291,
          0,
          -0.042394724,
          0.07720829,
          0.47487137,
          1
        ]
      },
      {
        "date" : 755325700.790275,
        "title" : "Untitled",
        "transform" : [
          1,
          0,
          0,
          0,
          0,
          0.7071069,
          -0.70710677,
          0,
          0,
          0.70710677,
          0.7071069,
          0,
          0,
          0.3415122,
          0.3415123,
          1
        ]
      }
    ],
    "CDCC13C0-640E-4584-87C2-416654F669C7" : [
      {
        "date" : 755318973.422447,
        "title" : "Untitled",
        "transform" : [
          1,
          0,
          0,
          0,
          0,
          0.7071069,
          -0.70710677,
          0,
          0,
          0.70710677,
          0.7071069,
          0,
          0,
          0.5330774,
          0.5330775,
          1
        ]
      }
    ],
    "CF1A7027-DE10-408F-BB8A-46AA0543861E" : [
      {
        "date" : 741528194.398198,
        "title" : "Untitled",
        "transform" : [
          1,
          0,
          -0,
          0,
          -0,
          0.7071069,
          -0.7071067,
          0,
          0,
          0.7071067,
          0.7071069,
          0,
          0,
          0.4355104,
          0.43551052,
          1
        ]
      },
      {
        "date" : 741525132.191272,
        "title" : "Untitled",
        "transform" : [
          1,
          0,
          0,
          0,
          0,
          0.7071069,
          -0.7071067,
          0,
          0,
          0.7071067,
          0.7071069,
          0,
          -0.0030405624,
          0.07335104,
          0.12710094,
          1
        ]
      },
      {
        "date" : 741522526.18977,
        "title" : "Untitled",
        "transform" : [
          1,
          0,
          -0,
          0,
          -0,
          0.7071069,
          -0.7071067,
          0,
          0,
          0.7071067,
          0.7071069,
          0,
          -2.7939677e-09,
          0.10022597,
          0.10022601,
          1
        ]
      },
      {
        "date" : 741521357.408127,
        "title" : "Untitled",
        "transform" : [
          1,
          0,
          -0,
          0,
          -0,
          0.7071069,
          -0.7071067,
          0,
          0,
          0.7071067,
          0.7071069,
          0,
          1.8626451e-09,
          0.10022597,
          0.10022601,
          1
        ]
      },
      {
        "date" : 741520575.012566,
        "title" : "Untitled",
        "transform" : [
          1,
          0,
          0,
          0,
          0,
          0.7071069,
          -0.70710677,
          0,
          0,
          0.70710677,
          0.7071069,
          0,
          -1.66893e-06,
          0.22035146,
          3.4372292,
          1
        ]
      }
    ],
    "D66134B1-3681-4A8E-AFE5-29F257229F3B" : [
      {
        "date" : 741708821.921194,
        "title" : "Untitled",
        "transform" : [
          1,
          0,
          0,
          0,
          0,
          0.7071069,
          -0.7071067,
          0,
          0,
          0.7071067,
          0.7071069,
          0,
          0,
          0.3291992,
          0.32919928,
          1
        ]
      },
      {
        "date" : 740838554.49308,
        "title" : "Untitled",
        "transform" : [
          1,
          0,
          -0,
          0,
          -0,
          0.7071069,
          -0.7071067,
          0,
          0,
          0.7071067,
          0.7071069,
          0,
          0,
          0.118283175,
          0.118283205,
          1
        ]
      },
      {
        "date" : 740838550.785179,
        "title" : "Untitled",
        "transform" : [
          1,
          0,
          -0,
          0,
          -0,
          0.7071069,
          -0.7071067,
          0,
          0,
          0.7071067,
          0.7071069,
          0,
          0,
          0.11828303,
          0.11828315,
          1
        ]
      }
    ],
    "D7CDD3B8-B729-464A-B6A6-0CB8AA83EFE2" : [
      {
        "date" : 741707050.048413,
        "title" : "Untitled",
        "transform" : [
          1,
          0,
          -0,
          0,
          -0,
          0.7071069,
          -0.7071067,
          0,
          0,
          0.7071067,
          0.7071069,
          0,
          0,
          0.13518858,
          0.13518858,
          1
        ]
      }
    ],
    "F402F52E-C78F-497F-A47C-6919ED611ED7" : [
      {
        "date" : 755325317.061456,
        "title" : "Untitled",
        "transform" : [
          0.9996896,
          0,
          0.024915025,
          0,
          0.017617583,
          0.7071069,
          -0.70688725,
          0,
          -0.017617585,
          0.70710677,
          0.70688736,
          0,
          -0.35853684,
          1.9605014,
          -0.81682456,
          1
        ]
      },
      {
        "date" : 742035678.235648,
        "title" : "Untitled",
        "transform" : [
          0.9996896,
          0,
          0.024915025,
          0,
          0.017617583,
          0.7071069,
          -0.70688725,
          0,
          -0.017617585,
          0.70710677,
          0.70688736,
          0,
          0.22891796,
          3.8728285,
          2.020202,
          1
        ]
      },
      {
        "date" : 742035658.936201,
        "title" : "Untitled",
        "transform" : [
          0.9996896,
          0,
          0.024915025,
          0,
          0.017617583,
          0.7071069,
          -0.70688725,
          0,
          -0.017617585,
          0.70710677,
          0.70688736,
          0,
          -0.07333362,
          2.9433494,
          2.942436,
          1
        ]
      }
    ],
    "F6D65C5A-4349-46D3-9603-5D6A186DBC2D" : [
      {
        "date" : 741495114.719244,
        "title" : "Untitled",
        "transform" : [
          1,
          0,
          -0,
          0,
          -0,
          0.7071069,
          -0.7071067,
          0,
          0,
          0.7071067,
          0.7071069,
          0,
          0,
          0.10578172,
          0.10578175,
          1
        ]
      },
      {
        "date" : 741495016.913276,
        "title" : "Untitled",
        "transform" : [
          1,
          0,
          -0,
          0,
          -0,
          0.7071069,
          -0.7071067,
          0,
          0,
          0.7071067,
          0.7071069,
          0,
          0,
          0.105876684,
          0.1058768,
          1
        ]
      }
    ]
  },
  "selectedSceneRelativePath" : "Immersive.usda"
}