{
  "advancedEditorSelectedIdentifier" : "ShaderGraphEditorPluginID",
  "openSceneRelativePaths" : [
    "Immersive.usda",
    "Materials\/CellNoise2DMaterial.usda",
    "Materials\/X-NoiseTestMaterial .usda"
  ],
  "recentIdentifiers" : {
    "6F5EF9F7-A19A-4254-B08D-4CDDC06AAB2F" : [

    ],
    "09C60A94-372A-4214-A0DA-1E1130A981BE" : [

    ],
    "9CAD5293-3C46-4460-B8DA-7D4A70975D0F" : [

    ],
    "56C1699E-A1BE-4C18-8D4B-8DEE0BF7EA37" : [

    ],
    "57BFC2AA-97E0-48A5-B0BF-AAA469CA7D43" : [

    ],
    "70F10EEB-55E2-4036-A15E-BCCDE9A9049C" : [

    ],
    "87E5A865-BDB3-4E00-A997-2F0482627EE4" : [

    ],
    "120620CB-7030-45FA-AACD-1DF1D41F9D48" : [

    ],
    "62718754-5A34-4488-997B-8115D49CE38E" : [

    ],
    "AF09ED6F-1707-48FD-8720-65B998362C09" : [

    ],
    "D66134B1-3681-4A8E-AFE5-29F257229F3B" : [

    ]
  },
  "sceneCameraHistory" : {
    "09C60A94-372A-4214-A0DA-1E1130A981BE" : [
      {
        "date" : 742025313.922356,
        "title" : "Untitled",
        "transform" : [
          0.99993813,
          4.5700776e-11,
          0.011116615,
          0,
          0.0009343528,
          0.9964616,
          -0.08404497,
          0,
          -0.011077278,
          0.08405021,
          0.9964,
          0,
          -0.028626382,
          0.21737905,
          2.5728934,
          1
        ]
      }
    ],
    "AF09ED6F-1707-48FD-8720-65B998362C09" : [
      {
        "date" : 742027544.095353,
        "title" : "Untitled",
        "transform" : [
          1,
          0,
          0,
          0,
          0,
          1,
          0,
          0,
          0,
          0,
          1,
          0,
          0.095672175,
          0.97634524,
          -0.46091056,
          1
        ]
      },
      {
        "date" : 742027522.496243,
        "title" : "Untitled",
        "transform" : [
          1,
          0,
          0,
          0,
          0,
          1,
          0,
          0,
          0,
          0,
          1,
          0,
          0.08928379,
          1.2735529,
          0.0027198195,
          1
        ]
      },
      {
        "date" : 742027520.346434,
        "title" : "Untitled",
        "transform" : [
          1,
          0,
          0,
          0,
          0,
          1,
          0,
          0,
          0,
          0,
          1,
          0,
          0.07197407,
          1.006214,
          0.0027198493,
          1
        ]
      },
      {
        "date" : 742026065.575097,
        "title" : "Untitled",
        "transform" : [
          0.9449226,
          0.01706961,
          0.3268483,
          0,
          0.3216726,
          -0.23272216,
          -0.9178057,
          0,
          0.06039826,
          0.9723935,
          -0.22539526,
          0,
          -0.0035857856,
          3.73773,
          -1.4018528,
          1
        ]
      },
      {
        "date" : 742026025.811734,
        "title" : "Untitled",
        "transform" : [
          0.9449226,
          0.017069604,
          0.3268483,
          0,
          0.32167256,
          -0.23272201,
          -0.9178057,
          0,
          0.060398217,
          0.9723936,
          -0.22539514,
          0,
          -0.47168797,
          3.0527098,
          1.5667148,
          1
        ]
      },
      {
        "date" : 742026012.999639,
        "title" : "Untitled",
        "transform" : [
          1,
          0,
          0,
          0,
          0,
          0.7071069,
          -0.7071067,
          0,
          0,
          0.7071067,
          0.7071069,
          0,
          -0.47168797,
          3.0527098,
          1.5667148,
          1
        ]
      },
      {
        "date" : 742026011.32871,
        "title" : "Untitled",
        "transform" : [
          1,
          0,
          0,
          0,
          0,
          0.7071069,
          -0.7071067,
          0,
          0,
          0.7071067,
          0.7071069,
          0,
          0.0063108206,
          3.1784768,
          1.4409485,
          1
        ]
      },
      {
        "date" : 742025959.465697,
        "title" : "Untitled",
        "transform" : [
          1,
          0,
          0,
          0,
          0,
          0.7071069,
          -0.7071067,
          0,
          0,
          0.7071067,
          0.7071069,
          0,
          -0.5000002,
          3.8097126,
          0.8097129,
          1
        ]
      },
      {
        "date" : 742025604.297806,
        "title" : "Untitled",
        "transform" : [
          1,
          0,
          -0,
          0,
          -0,
          0.7071069,
          -0.7071067,
          0,
          0,
          0.7071067,
          0.7071069,
          0,
          -0.5000002,
          1.7286848,
          -1.2713151,
          1
        ]
      }
    ],
    "D66134B1-3681-4A8E-AFE5-29F257229F3B" : [
      {
        "date" : 742025835.469582,
        "title" : "Untitled",
        "transform" : [
          0.99872065,
          6.6712635e-11,
          -0.050567243,
          0,
          -0.011464892,
          0.9739586,
          -0.22643593,
          0,
          0.049250387,
          0.22672598,
          0.9727126,
          0,
          0.014991566,
          0.06909382,
          0.29648873,
          1
        ]
      },
      {
        "date" : 742025773.202573,
        "title" : "Untitled",
        "transform" : [
          0.941707,
          9.2571417e-10,
          -0.33643404,
          0,
          -0.20470041,
          0.79359883,
          -0.5729736,
          0,
          0.26699364,
          0.6084415,
          0.7473376,
          0,
          0.08126045,
          0.18527897,
          0.2278548,
          1
        ]
      },
      {
        "date" : 742025765.707519,
        "title" : "Untitled",
        "transform" : [
          1,
          0,
          0,
          0,
          0,
          0.7071069,
          -0.70710677,
          0,
          0,
          0.70710677,
          0.7071069,
          0,
          0,
          0.5013453,
          0.5016357,
          1
        ]
      },
      {
        "date" : 742025763.687922,
        "title" : "Untitled",
        "transform" : [
          1,
          0,
          0,
          0,
          0,
          0.7071069,
          -0.70710677,
          0,
          0,
          0.70710677,
          0.7071069,
          0,
          0,
          1.4814935,
          1.4815696,
          1
        ]
      }
    ]
  },
  "sceneViewportBackgroundColors" : {

  },
  "selectedSceneRelativePath" : "Materials\/X-NoiseTestMaterial .usda"
}