{
  "advancedEditorSelectedIdentifier" : "ShaderGraphEditorPluginID",
  "openSceneRelativePaths" : [
    "Materials\/ImageBlockMaterial.usda",
    "Immersive.usda",
    "Materials\/ImageBlockMaterialV2.usda",
    "Materials\/ImageBlockMaterialV3.usda",
    "Materials\/ImageBlockMaterialV4.usda"
  ],
  "recentIdentifiers" : {
    "0CC2D925-5E5B-448E-9FEF-856048816302" : [

    ],
    "2AF41E44-FA50-43EC-9786-E2A1F77AC507" : [

    ],
    "4DB19BE9-10EE-4379-9A2C-BDCB03E9FDD1" : [

    ],
    "6825BEFF-E269-4097-A91C-47C786476E93" : [

    ],
    "63893EE4-0EBE-40E3-9A8B-6E735B050C7B" : [

    ],
    "6512574B-8270-4E3F-B691-CFC4C61EBACF" : [

    ],
    "AF09ED6F-1707-48FD-8720-65B998362C09" : [

    ],
    "D66134B1-3681-4A8E-AFE5-29F257229F3B" : [

    ],
    "F6D65C5A-4349-46D3-9603-5D6A186DBC2D" : [

    ]
  },
  "sceneCameraHistory" : {
    "4DB19BE9-10EE-4379-9A2C-BDCB03E9FDD1" : [
      {
        "date" : 741437444.234014,
        "title" : "Untitled",
        "transform" : [
          1,
          0,
          -0,
          0,
          -0,
          0.7071069,
          -0.7071067,
          0,
          0,
          0.7071067,
          0.7071069,
          0,
          1.1920929e-07,
          0.11791515,
          0.117915034,
          1
        ]
      }
    ],
    "6825BEFF-E269-4097-A91C-47C786476E93" : [
      {
        "date" : 740838003.191764,
        "title" : "Untitled",
        "transform" : [
          1,
          0,
          -0,
          0,
          -0,
          0.7071069,
          -0.7071067,
          0,
          0,
          0.7071067,
          0.7071069,
          0,
          -3.1973426e-09,
          0.11828317,
          0.118283205,
          1
        ]
      },
      {
        "date" : 740837983.303608,
        "title" : "Untitled",
        "transform" : [
          1,
          0,
          -0,
          0,
          -0,
          0.7071069,
          -0.7071067,
          0,
          0,
          0.7071067,
          0.7071069,
          0,
          -2.9411982e-09,
          0.11828317,
          0.118283205,
          1
        ]
      }
    ],
    "63893EE4-0EBE-40E3-9A8B-6E735B050C7B" : [
      {
        "date" : 741437234.343277,
        "title" : "Untitled",
        "transform" : [
          1,
          0,
          -0,
          0,
          -0,
          0.7071069,
          -0.7071067,
          0,
          0,
          0.7071067,
          0.7071069,
          0,
          1.1920929e-07,
          0.11791515,
          0.117915034,
          1
        ]
      }
    ],
    "AF09ED6F-1707-48FD-8720-65B998362C09" : [
      {
        "date" : 741508550.061915,
        "title" : "Untitled",
        "transform" : [
          0.99942714,
          7.2587714e-11,
          0.03384459,
          0,
          0.024692329,
          0.68389595,
          -0.7291616,
          0,
          -0.023146188,
          0.7295796,
          0.68350416,
          0,
          -0.07980711,
          2.2593725,
          -0.5723119,
          1
        ]
      },
      {
        "date" : 741507144.23723,
        "title" : "Untitled",
        "transform" : [
          0.99942714,
          7.2587714e-11,
          0.03384459,
          0,
          0.024692329,
          0.68389595,
          -0.7291616,
          0,
          -0.023146188,
          0.7295796,
          0.68350416,
          0,
          0.15701672,
          1.9550735,
          -1.2133495,
          1
        ]
      },
      {
        "date" : 741507020.771357,
        "title" : "Untitled",
        "transform" : [
          0.99942714,
          7.2587714e-11,
          0.03384459,
          0,
          0.024692329,
          0.68389595,
          -0.7291616,
          0,
          -0.023146188,
          0.7295796,
          0.68350416,
          0,
          0.2590198,
          1.9748762,
          -1.2310326,
          1
        ]
      },
      {
        "date" : 741507010.792572,
        "title" : "Untitled",
        "transform" : [
          0.99942714,
          7.2587714e-11,
          0.03384459,
          0,
          0.024692329,
          0.68389595,
          -0.7291616,
          0,
          -0.023146188,
          0.7295796,
          0.68350416,
          0,
          0.49317527,
          1.9456121,
          -1.191867,
          1
        ]
      },
      {
        "date" : 741506986.265507,
        "title" : "Untitled",
        "transform" : [
          0.99942714,
          7.2587714e-11,
          0.03384459,
          0,
          0.024692329,
          0.68389595,
          -0.7291616,
          0,
          -0.023146188,
          0.7295796,
          0.68350416,
          0,
          0.30813754,
          1.9493408,
          -1.2021123,
          1
        ]
      },
      {
        "date" : 741506571.893365,
        "title" : "Untitled",
        "transform" : [
          0.99942714,
          7.2587714e-11,
          0.03384459,
          0,
          0.024692329,
          0.68389595,
          -0.7291616,
          0,
          -0.023146188,
          0.7295796,
          0.68350416,
          0,
          0.5426892,
          1.874815,
          -1.11462,
          1
        ]
      },
      {
        "date" : 741506555.482967,
        "title" : "Untitled",
        "transform" : [
          0.9945122,
          0,
          -0.10462082,
          0,
          -0.07397808,
          0.7071069,
          -0.70322627,
          0,
          0.0739781,
          0.7071067,
          0.70322645,
          0,
          0.5964544,
          1.8622763,
          -1.1155899,
          1
        ]
      },
      {
        "date" : 741506553.264195,
        "title" : "Untitled",
        "transform" : [
          0.9945122,
          0,
          -0.10462082,
          0,
          -0.07397808,
          0.7071069,
          -0.70322627,
          0,
          0.0739781,
          0.7071067,
          0.70322645,
          0,
          0.2197634,
          1.8418515,
          -1.0554253,
          1
        ]
      },
      {
        "date" : 741506472.658084,
        "title" : "Untitled",
        "transform" : [
          1,
          0,
          0,
          0,
          0,
          0.7071069,
          -0.7071067,
          0,
          0,
          0.7071067,
          0.7071069,
          0,
          0.49822938,
          1.5334874,
          -1.2963693,
          1
        ]
      },
      {
        "date" : 741506465.757905,
        "title" : "Untitled",
        "transform" : [
          1,
          0,
          0,
          0,
          0,
          0.7071069,
          -0.7071067,
          0,
          0,
          0.7071067,
          0.7071069,
          0,
          0.49734196,
          1.6505122,
          -1.1943088,
          1
        ]
      }
    ],
    "D66134B1-3681-4A8E-AFE5-29F257229F3B" : [
      {
        "date" : 740838554.49308,
        "title" : "Untitled",
        "transform" : [
          1,
          0,
          -0,
          0,
          -0,
          0.7071069,
          -0.7071067,
          0,
          0,
          0.7071067,
          0.7071069,
          0,
          0,
          0.118283175,
          0.118283205,
          1
        ]
      },
      {
        "date" : 740838550.785179,
        "title" : "Untitled",
        "transform" : [
          1,
          0,
          -0,
          0,
          -0,
          0.7071069,
          -0.7071067,
          0,
          0,
          0.7071067,
          0.7071069,
          0,
          0,
          0.11828303,
          0.11828315,
          1
        ]
      }
    ],
    "F6D65C5A-4349-46D3-9603-5D6A186DBC2D" : [
      {
        "date" : 741495114.719244,
        "title" : "Untitled",
        "transform" : [
          1,
          0,
          -0,
          0,
          -0,
          0.7071069,
          -0.7071067,
          0,
          0,
          0.7071067,
          0.7071069,
          0,
          0,
          0.10578172,
          0.10578175,
          1
        ]
      },
      {
        "date" : 741495016.913276,
        "title" : "Untitled",
        "transform" : [
          1,
          0,
          -0,
          0,
          -0,
          0.7071069,
          -0.7071067,
          0,
          0,
          0.7071067,
          0.7071069,
          0,
          0,
          0.105876684,
          0.1058768,
          1
        ]
      }
    ]
  },
  "sceneViewportBackgroundColors" : {

  },
  "selectedSceneRelativePath" : "Materials\/ImageBlockMaterialV4.usda"
}