{
  "advancedEditorSelectedIdentifier" : "ShaderGraphEditorPluginID",
  "openSceneRelativePaths" : [
    "Immersive.usda",
    "Scene.usda",
    "Materials\/RGBSplitMaterialV5.usda",
    "Materials\/TileJitterHMaterial.usda",
    "Materials\/TileJitterVMaterial.usda",
    "Materials\/ScreenJumpHMaterial.usda"
  ],
  "recentIdentifiers" : {
    "0885712B-2386-46E4-BEB6-C5C6BC2D2FEB" : [

    ],
    "09543FDD-072E-4394-B2E5-BFF7F97F5E58" : [

    ],
    "0CC2D925-5E5B-448E-9FEF-856048816302" : [

    ],
    "0E8146BC-C1A7-4309-8968-D7EF15395BCE" : [

    ],
    "12217CA0-2B25-401E-85DD-C1D7CF21CB73" : [

    ],
    "1291B48C-5E0A-459F-8E7D-8AADEF1171AC" : [

    ],
    "18ACC391-AAA9-4ED4-9F71-6E94EC15AAD7" : [

    ],
    "27A1FB55-C033-467B-ACCE-386241CB1285" : [

    ],
    "27D8C9E3-BA8C-4CB6-9E11-7FD6545D4843" : [

    ],
    "2AF41E44-FA50-43EC-9786-E2A1F77AC507" : [

    ],
    "33E713D2-F9F9-4E4F-A411-B36DA8201C8C" : [

    ],
    "3D126E6A-AA8B-4184-866A-8FFF710F56CF" : [

    ],
    "48190A0F-B3AD-438C-A4D6-C50ACC22EE4B" : [

    ],
    "4A4187F7-FF5E-4488-94C5-9FF24ADD00DF" : [

    ],
    "4DB19BE9-10EE-4379-9A2C-BDCB03E9FDD1" : [

    ],
    "527EEBB0-B337-45AA-ADC8-ACD16BE4BEA9" : [

    ],
    "5665844D-2976-452C-8C14-7033FAEAC625" : [

    ],
    "58608263-E13E-4148-8A2D-2220873D46DE" : [

    ],
    "63893EE4-0EBE-40E3-9A8B-6E735B050C7B" : [

    ],
    "6512574B-8270-4E3F-B691-CFC4C61EBACF" : [

    ],
    "66440B77-8CF5-4DDE-A59E-4300E2D389BE" : [

    ],
    "6825BEFF-E269-4097-A91C-47C786476E93" : [

    ],
    "6E1F6D32-B6E7-46B8-A1EC-5C04014EC749" : [

    ],
    "74DFD6C5-1C27-4D5A-A72D-39BA21D56455" : [

    ],
    "7E196AC9-6589-484E-B656-3921E58CCA66" : [

    ],
    "89EAF3BC-5474-4629-A125-E5747B17B027" : [

    ],
    "91E338E4-CF6D-43FA-A377-181C93E64763" : [

    ],
    "92E8A5D1-9576-4063-8D34-9C91F5F0D60D" : [

    ],
    "9973CBFC-62C6-4B84-BD9B-7F43DE087E6F" : [

    ],
    "9AF0DFBB-7884-420D-A7BB-315AEA1929B5" : [

    ],
    "9B9C5BF9-A6D3-4ACE-8139-CEED55847879" : [

    ],
    "A39E552F-718C-41BB-86F4-68CC8B330AD2" : [

    ],
    "A56489B7-AB68-4AF2-86B7-2B0C69B24F66" : [

    ],
    "AF09ED6F-1707-48FD-8720-65B998362C09" : [

    ],
    "C0CE55B6-4819-4FB8-9D24-B518878B42FA" : [

    ],
    "C7F8A54C-8842-43EA-83F5-3EB9A86DBC38" : [

    ],
    "CA82D119-A92A-4387-A19C-46FBD01994C6" : [

    ],
    "CDC107A2-CE14-4CB0-8944-D8006C1F6E23" : [

    ],
    "CDCC13C0-640E-4584-87C2-416654F669C7" : [

    ],
    "CF1A7027-DE10-408F-BB8A-46AA0543861E" : [

    ],
    "D0C16D15-173D-4EDC-B727-A13B36B2F042" : [

    ],
    "D66134B1-3681-4A8E-AFE5-29F257229F3B" : [

    ],
    "D7CDD3B8-B729-464A-B6A6-0CB8AA83EFE2" : [

    ],
    "DD5EAB72-E26A-4276-BCAA-D5D302039EF5" : [

    ],
    "DFF1A9A7-09BA-4067-9AA6-D503B6BAC0FE" : [

    ],
    "F402F52E-C78F-497F-A47C-6919ED611ED7" : [

    ],
    "F6D65C5A-4349-46D3-9603-5D6A186DBC2D" : [

    ],
    "FFA8D1A5-2E8D-485F-AB4E-4543EB1740F3" : [

    ]
  },
  "sceneCameraHistory" : {
    "0885712B-2386-46E4-BEB6-C5C6BC2D2FEB" : [
      {
        "date" : 755347724.581801,
        "title" : "Untitled",
        "transform" : [
          1,
          0,
          0,
          0,
          0,
          0.7071069,
          -0.70710677,
          0,
          0,
          0.70710677,
          0.7071069,
          0,
          0,
          0.45371398,
          0.45371428,
          1
        ]
      }
    ],
    "09543FDD-072E-4394-B2E5-BFF7F97F5E58" : [
      {
        "date" : 755441164.211002,
        "title" : "Untitled",
        "transform" : [
          1,
          0,
          0,
          0,
          0,
          0.7071069,
          -0.70710677,
          0,
          0,
          0.70710677,
          0.7071069,
          0,
          0,
          0.42525566,
          0.42525575,
          1
        ]
      },
      {
        "date" : 755347686.018498,
        "title" : "Untitled",
        "transform" : [
          1,
          0,
          0,
          0,
          0,
          0.7071069,
          -0.70710677,
          0,
          0,
          0.70710677,
          0.7071069,
          0,
          0,
          0.587924,
          0.5879241,
          1
        ]
      }
    ],
    "0E8146BC-C1A7-4309-8968-D7EF15395BCE" : [
      {
        "date" : 755347751.114283,
        "title" : "Untitled",
        "transform" : [
          1,
          0,
          0,
          0,
          0,
          0.7071069,
          -0.70710677,
          0,
          0,
          0.70710677,
          0.7071069,
          0,
          0,
          0.40730873,
          0.4073088,
          1
        ]
      }
    ],
    "12217CA0-2B25-401E-85DD-C1D7CF21CB73" : [
      {
        "date" : 755347859.581052,
        "title" : "Untitled",
        "transform" : [
          1,
          0,
          0,
          0,
          0,
          0.7071069,
          -0.70710677,
          0,
          0,
          0.70710677,
          0.7071069,
          0,
          0,
          0.3599114,
          0.35991144,
          1
        ]
      }
    ],
    "1291B48C-5E0A-459F-8E7D-8AADEF1171AC" : [
      {
        "date" : 755441118.922831,
        "title" : "Untitled",
        "transform" : [
          1,
          0,
          0,
          0,
          0,
          0.7071069,
          -0.70710677,
          0,
          0,
          0.70710677,
          0.7071069,
          0,
          0,
          0.4474496,
          0.44744965,
          1
        ]
      },
      {
        "date" : 755441116.889406,
        "title" : "Untitled",
        "transform" : [
          1,
          0,
          0,
          0,
          0,
          0.7071069,
          -0.70710677,
          0,
          0,
          0.70710677,
          0.7071069,
          0,
          0,
          0.62616557,
          0.6261656,
          1
        ]
      },
      {
        "date" : 755441108.697534,
        "title" : "Untitled",
        "transform" : [
          1,
          0,
          0,
          0,
          0,
          0.7071069,
          -0.70710677,
          0,
          0,
          0.70710677,
          0.7071069,
          0,
          0,
          1.0697918,
          1.0697919,
          1
        ]
      }
    ],
    "27D8C9E3-BA8C-4CB6-9E11-7FD6545D4843" : [
      {
        "date" : 755441421.709561,
        "title" : "Untitled",
        "transform" : [
          1,
          0,
          0,
          0,
          0,
          0.7071069,
          -0.70710677,
          0,
          0,
          0.70710677,
          0.7071069,
          0,
          0,
          0.39690807,
          0.39690813,
          1
        ]
      },
      {
        "date" : 755347845.514103,
        "title" : "Untitled",
        "transform" : [
          1,
          0,
          0,
          0,
          0,
          0.7071069,
          -0.70710677,
          0,
          0,
          0.70710677,
          0.7071069,
          0,
          0,
          0.72310275,
          0.7231028,
          1
        ]
      }
    ],
    "32A56793-652A-40DC-ADB9-655AA77A247B" : [
      {
        "date" : 760156326.053457,
        "title" : "Untitled",
        "transform" : [
          1,
          0,
          0,
          0,
          0,
          0.7071069,
          -0.70710677,
          0,
          0,
          0.70710677,
          0.7071069,
          0,
          0,
          1.0149415,
          1.0149416,
          1
        ]
      }
    ],
    "3486605D-2413-46E3-A6D9-01CD8BD38CFC" : [
      {
        "date" : 760156193.933134,
        "title" : "Untitled",
        "transform" : [
          1,
          0,
          0,
          0,
          0,
          0.7071069,
          -0.70710677,
          0,
          0,
          0.70710677,
          0.7071069,
          0,
          0,
          0.2081179,
          0.20811792,
          1
        ]
      }
    ],
    "3D126E6A-AA8B-4184-866A-8FFF710F56CF" : [
      {
        "date" : 755441171.59013,
        "title" : "Untitled",
        "transform" : [
          1,
          0,
          0,
          0,
          0,
          0.7071069,
          -0.70710677,
          0,
          0,
          0.70710677,
          0.7071069,
          0,
          -0.07596277,
          0.42323077,
          0.43609825,
          1
        ]
      },
      {
        "date" : 755347703.047394,
        "title" : "Untitled",
        "transform" : [
          1,
          0,
          0,
          0,
          0,
          0.7071069,
          -0.70710677,
          0,
          0,
          0.70710677,
          0.7071069,
          0,
          -0.1117032,
          0.6223606,
          0.6412822,
          1
        ]
      }
    ],
    "48190A0F-B3AD-438C-A4D6-C50ACC22EE4B" : [
      {
        "date" : 755347805.574731,
        "title" : "Untitled",
        "transform" : [
          1,
          0,
          0,
          0,
          0,
          0.7071069,
          -0.70710677,
          0,
          0,
          0.70710677,
          0.7071069,
          0,
          0,
          0.36985433,
          0.36985436,
          1
        ]
      }
    ],
    "4A4187F7-FF5E-4488-94C5-9FF24ADD00DF" : [
      {
        "date" : 755347671.781424,
        "title" : "Untitled",
        "transform" : [
          1,
          0,
          0,
          0,
          0,
          0.7071069,
          -0.70710677,
          0,
          0,
          0.70710677,
          0.7071069,
          0,
          0,
          0.3957597,
          0.3957598,
          1
        ]
      },
      {
        "date" : 755347670.347313,
        "title" : "Untitled",
        "transform" : [
          1,
          0,
          0,
          0,
          0,
          0.7071069,
          -0.70710677,
          0,
          0,
          0.70710677,
          0.7071069,
          0,
          0,
          0.6417379,
          0.641738,
          1
        ]
      }
    ],
    "4DB19BE9-10EE-4379-9A2C-BDCB03E9FDD1" : [
      {
        "date" : 741437444.234014,
        "title" : "Untitled",
        "transform" : [
          1,
          0,
          -0,
          0,
          -0,
          0.7071069,
          -0.7071067,
          0,
          0,
          0.7071067,
          0.7071069,
          0,
          1.1920929e-07,
          0.11791515,
          0.117915034,
          1
        ]
      }
    ],
    "5665844D-2976-452C-8C14-7033FAEAC625" : [
      {
        "date" : 755347816.564834,
        "title" : "Untitled",
        "transform" : [
          1,
          0,
          0,
          0,
          0,
          0.7071069,
          -0.70710677,
          0,
          0,
          0.70710677,
          0.7071069,
          0,
          0,
          0.48813313,
          0.48813316,
          1
        ]
      }
    ],
    "63893EE4-0EBE-40E3-9A8B-6E735B050C7B" : [
      {
        "date" : 741437234.343277,
        "title" : "Untitled",
        "transform" : [
          1,
          0,
          -0,
          0,
          -0,
          0.7071069,
          -0.7071067,
          0,
          0,
          0.7071067,
          0.7071069,
          0,
          1.1920929e-07,
          0.11791515,
          0.117915034,
          1
        ]
      }
    ],
    "66440B77-8CF5-4DDE-A59E-4300E2D389BE" : [
      {
        "date" : 742647252.517079,
        "title" : "Untitled",
        "transform" : [
          0.99999756,
          0,
          -0.0021972638,
          0,
          -0.0015537001,
          0.7071069,
          -0.70710504,
          0,
          0.0015537003,
          0.70710677,
          0.70710516,
          0,
          0.00061045884,
          0.27782685,
          0.27782625,
          1
        ]
      },
      {
        "date" : 742647251.083289,
        "title" : "Untitled",
        "transform" : [
          0.99999756,
          0,
          -0.0021972638,
          0,
          -0.0015537001,
          0.7071069,
          -0.70710504,
          0,
          0.0015537003,
          0.70710677,
          0.70710516,
          0,
          0.0010424727,
          0.4744413,
          0.47444028,
          1
        ]
      },
      {
        "date" : 742035780.900761,
        "title" : "Untitled",
        "transform" : [
          0.99999756,
          0,
          -0.0021972638,
          0,
          -0.0015537001,
          0.7071069,
          -0.70710504,
          0,
          0.0015537003,
          0.70710677,
          0.70710516,
          0,
          0.0015454087,
          0.70333326,
          0.70333177,
          1
        ]
      },
      {
        "date" : 742035779.201005,
        "title" : "Untitled",
        "transform" : [
          1,
          0,
          0,
          0,
          0,
          0.7071069,
          -0.70710677,
          0,
          0,
          0.70710677,
          0.7071069,
          0,
          0,
          1.2023079,
          1.2023082,
          1
        ]
      }
    ],
    "6825BEFF-E269-4097-A91C-47C786476E93" : [
      {
        "date" : 740838003.191764,
        "title" : "Untitled",
        "transform" : [
          1,
          0,
          -0,
          0,
          -0,
          0.7071069,
          -0.7071067,
          0,
          0,
          0.7071067,
          0.7071069,
          0,
          -3.1973426e-09,
          0.11828317,
          0.118283205,
          1
        ]
      },
      {
        "date" : 740837983.303608,
        "title" : "Untitled",
        "transform" : [
          1,
          0,
          -0,
          0,
          -0,
          0.7071069,
          -0.7071067,
          0,
          0,
          0.7071067,
          0.7071069,
          0,
          -2.9411982e-09,
          0.11828317,
          0.118283205,
          1
        ]
      }
    ],
    "6E1F6D32-B6E7-46B8-A1EC-5C04014EC749" : [
      {
        "date" : 755347831.764001,
        "title" : "Untitled",
        "transform" : [
          1,
          0,
          0,
          0,
          0,
          0.7071069,
          -0.70710677,
          0,
          0,
          0.70710677,
          0.7071069,
          0,
          0,
          0.4548974,
          0.45489746,
          1
        ]
      }
    ],
    "74DFD6C5-1C27-4D5A-A72D-39BA21D56455" : [
      {
        "date" : 755441086.319613,
        "title" : "Untitled",
        "transform" : [
          1,
          0,
          0,
          0,
          0,
          0.7071069,
          -0.70710677,
          0,
          0,
          0.70710677,
          0.7071069,
          0,
          0,
          0.43413672,
          0.43413678,
          1
        ]
      },
      {
        "date" : 755347556.882158,
        "title" : "Untitled",
        "transform" : [
          1,
          0,
          0,
          0,
          0,
          0.7071069,
          -0.70710677,
          0,
          0,
          0.70710677,
          0.7071069,
          0,
          0,
          0.69369537,
          0.6936954,
          1
        ]
      }
    ],
    "7D4D3327-1FBC-47A8-AA31-EA1956232C07" : [
      {
        "date" : 760156371.95667,
        "title" : "Untitled",
        "transform" : [
          1,
          0,
          0,
          0,
          0,
          0.7071069,
          -0.70710677,
          0,
          0,
          0.70710677,
          0.7071069,
          0,
          0,
          1.0060767,
          1.0060768,
          1
        ]
      }
    ],
    "7E196AC9-6589-484E-B656-3921E58CCA66" : [
      {
        "date" : 755347767.480465,
        "title" : "Untitled",
        "transform" : [
          1,
          0,
          0,
          0,
          0,
          0.7071069,
          -0.70710677,
          0,
          0,
          0.70710677,
          0.7071069,
          0,
          0,
          0.41276717,
          0.4127674,
          1
        ]
      }
    ],
    "89EAF3BC-5474-4629-A125-E5747B17B027" : [
      {
        "date" : 755443174.707244,
        "title" : "Untitled",
        "transform" : [
          1,
          0,
          0,
          0,
          0,
          0.7071069,
          -0.70710677,
          0,
          0,
          0.70710677,
          0.7071069,
          0,
          0,
          0.3341711,
          0.33417112,
          1
        ]
      },
      {
        "date" : 755347871.947996,
        "title" : "Untitled",
        "transform" : [
          1,
          0,
          0,
          0,
          0,
          0.7071069,
          -0.70710677,
          0,
          0,
          0.70710677,
          0.7071069,
          0,
          0,
          0.28454247,
          0.2845425,
          1
        ]
      }
    ],
    "9973CBFC-62C6-4B84-BD9B-7F43DE087E6F" : [
      {
        "date" : 755441333.67872,
        "title" : "Untitled",
        "transform" : [
          1,
          0,
          0,
          0,
          0,
          0.7071069,
          -0.70710677,
          0,
          0,
          0.70710677,
          0.7071069,
          0,
          0,
          0.4212972,
          0.42129728,
          1
        ]
      },
      {
        "date" : 755347788.980836,
        "title" : "Untitled",
        "transform" : [
          1,
          0,
          0,
          0,
          0,
          0.7071069,
          -0.70710677,
          0,
          0,
          0.70710677,
          0.7071069,
          0,
          0,
          0.6348814,
          0.6348815,
          1
        ]
      }
    ],
    "9AF0DFBB-7884-420D-A7BB-315AEA1929B5" : [
      {
        "date" : 755441063.24092,
        "title" : "Untitled",
        "transform" : [
          1,
          0,
          0,
          0,
          0,
          0.7071069,
          -0.70710677,
          0,
          0,
          0.70710677,
          0.7071069,
          0,
          0,
          0.6816574,
          0.68165743,
          1
        ]
      }
    ],
    "A39E552F-718C-41BB-86F4-68CC8B330AD2" : [
      {
        "date" : 755347528.598731,
        "title" : "Untitled",
        "transform" : [
          1,
          0,
          0,
          0,
          0,
          0.7071069,
          -0.70710677,
          0,
          0,
          0.70710677,
          0.7071069,
          0,
          0,
          0.49966958,
          0.49966967,
          1
        ]
      }
    ],
    "A56489B7-AB68-4AF2-86B7-2B0C69B24F66" : [
      {
        "date" : 755440977.979877,
        "title" : "Untitled",
        "transform" : [
          1,
          0,
          0,
          0,
          0,
          0.7071069,
          -0.70710677,
          0,
          0,
          0.70710677,
          0.7071069,
          0,
          0,
          0.36989877,
          0.3698988,
          1
        ]
      }
    ],
    "AF09ED6F-1707-48FD-8720-65B998362C09" : [
      {
        "date" : 741508550.061915,
        "title" : "Untitled",
        "transform" : [
          0.99942714,
          7.2587714e-11,
          0.03384459,
          0,
          0.024692329,
          0.68389595,
          -0.7291616,
          0,
          -0.023146188,
          0.7295796,
          0.68350416,
          0,
          -0.07980711,
          2.2593725,
          -0.5723119,
          1
        ]
      },
      {
        "date" : 741507144.23723,
        "title" : "Untitled",
        "transform" : [
          0.99942714,
          7.2587714e-11,
          0.03384459,
          0,
          0.024692329,
          0.68389595,
          -0.7291616,
          0,
          -0.023146188,
          0.7295796,
          0.68350416,
          0,
          0.15701672,
          1.9550735,
          -1.2133495,
          1
        ]
      },
      {
        "date" : 741507020.771357,
        "title" : "Untitled",
        "transform" : [
          0.99942714,
          7.2587714e-11,
          0.03384459,
          0,
          0.024692329,
          0.68389595,
          -0.7291616,
          0,
          -0.023146188,
          0.7295796,
          0.68350416,
          0,
          0.2590198,
          1.9748762,
          -1.2310326,
          1
        ]
      },
      {
        "date" : 741507010.792572,
        "title" : "Untitled",
        "transform" : [
          0.99942714,
          7.2587714e-11,
          0.03384459,
          0,
          0.024692329,
          0.68389595,
          -0.7291616,
          0,
          -0.023146188,
          0.7295796,
          0.68350416,
          0,
          0.49317527,
          1.9456121,
          -1.191867,
          1
        ]
      },
      {
        "date" : 741506986.265507,
        "title" : "Untitled",
        "transform" : [
          0.99942714,
          7.2587714e-11,
          0.03384459,
          0,
          0.024692329,
          0.68389595,
          -0.7291616,
          0,
          -0.023146188,
          0.7295796,
          0.68350416,
          0,
          0.30813754,
          1.9493408,
          -1.2021123,
          1
        ]
      },
      {
        "date" : 741506571.893365,
        "title" : "Untitled",
        "transform" : [
          0.99942714,
          7.2587714e-11,
          0.03384459,
          0,
          0.024692329,
          0.68389595,
          -0.7291616,
          0,
          -0.023146188,
          0.7295796,
          0.68350416,
          0,
          0.5426892,
          1.874815,
          -1.11462,
          1
        ]
      },
      {
        "date" : 741506555.482967,
        "title" : "Untitled",
        "transform" : [
          0.9945122,
          0,
          -0.10462082,
          0,
          -0.07397808,
          0.7071069,
          -0.70322627,
          0,
          0.0739781,
          0.7071067,
          0.70322645,
          0,
          0.5964544,
          1.8622763,
          -1.1155899,
          1
        ]
      },
      {
        "date" : 741506553.264195,
        "title" : "Untitled",
        "transform" : [
          0.9945122,
          0,
          -0.10462082,
          0,
          -0.07397808,
          0.7071069,
          -0.70322627,
          0,
          0.0739781,
          0.7071067,
          0.70322645,
          0,
          0.2197634,
          1.8418515,
          -1.0554253,
          1
        ]
      },
      {
        "date" : 741506472.658084,
        "title" : "Untitled",
        "transform" : [
          1,
          0,
          0,
          0,
          0,
          0.7071069,
          -0.7071067,
          0,
          0,
          0.7071067,
          0.7071069,
          0,
          0.49822938,
          1.5334874,
          -1.2963693,
          1
        ]
      },
      {
        "date" : 741506465.757905,
        "title" : "Untitled",
        "transform" : [
          1,
          0,
          0,
          0,
          0,
          0.7071069,
          -0.7071067,
          0,
          0,
          0.7071067,
          0.7071069,
          0,
          0.49734196,
          1.6505122,
          -1.1943088,
          1
        ]
      }
    ],
    "C0CE55B6-4819-4FB8-9D24-B518878B42FA" : [
      {
        "date" : 755325705.439641,
        "title" : "Untitled",
        "transform" : [
          0.99603856,
          2.4060722e-09,
          0.08892257,
          0,
          0.014215257,
          0.9871396,
          -0.15922779,
          0,
          -0.08777899,
          0.15986107,
          0.9832291,
          0,
          -0.042394724,
          0.07720829,
          0.47487137,
          1
        ]
      },
      {
        "date" : 755325700.790275,
        "title" : "Untitled",
        "transform" : [
          1,
          0,
          0,
          0,
          0,
          0.7071069,
          -0.70710677,
          0,
          0,
          0.70710677,
          0.7071069,
          0,
          0,
          0.3415122,
          0.3415123,
          1
        ]
      }
    ],
    "C7F8A54C-8842-43EA-83F5-3EB9A86DBC38" : [
      {
        "date" : 755346014.319537,
        "title" : "Untitled",
        "transform" : [
          0.9993119,
          -4.473221e-10,
          -0.037089705,
          0,
          -0.03706712,
          0.034899633,
          -0.99870324,
          0,
          0.0012944193,
          0.9993909,
          0.034875594,
          0,
          -0.024608811,
          0.7278394,
          -0.04175653,
          1
        ]
      },
      {
        "date" : 755336385.835885,
        "title" : "Untitled",
        "transform" : [
          1,
          0,
          0,
          0,
          0,
          0.7071069,
          -0.70710677,
          0,
          0,
          0.70710677,
          0.7071069,
          0,
          -0.060234427,
          0.16895932,
          0.5427272,
          1
        ]
      },
      {
        "date" : 755336174.651024,
        "title" : "Untitled",
        "transform" : [
          1,
          0,
          0,
          0,
          0,
          0.7071069,
          -0.70710677,
          0,
          0,
          0.70710677,
          0.7071069,
          0,
          0,
          0.3558432,
          0.3558434,
          1
        ]
      }
    ],
    "CA82D119-A92A-4387-A19C-46FBD01994C6" : [
      {
        "date" : 755443184.373878,
        "title" : "Untitled",
        "transform" : [
          1,
          0,
          0,
          0,
          0,
          0.7071069,
          -0.70710677,
          0,
          0,
          0.70710677,
          0.7071069,
          0,
          -0.0017544143,
          0.28982258,
          0.30768582,
          1
        ]
      },
      {
        "date" : 755440952.071292,
        "title" : "Untitled",
        "transform" : [
          1,
          0,
          0,
          0,
          0,
          0.7071069,
          -0.70710677,
          0,
          0,
          0.70710677,
          0.7071069,
          0,
          0.040710934,
          0.4312178,
          0.5332805,
          1
        ]
      },
      {
        "date" : 755440944.229889,
        "title" : "Untitled",
        "transform" : [
          1,
          0,
          0,
          0,
          0,
          0.7071069,
          -0.70710677,
          0,
          0,
          0.70710677,
          0.7071069,
          0,
          0,
          0.35845158,
          0.35845143,
          1
        ]
      },
      {
        "date" : 755347616.380969,
        "title" : "Untitled",
        "transform" : [
          1,
          0,
          0,
          0,
          0,
          0.7071069,
          -0.70710677,
          0,
          0,
          0.70710677,
          0.7071069,
          0,
          0,
          0.6359991,
          0.63599914,
          1
        ]
      }
    ],
    "CDC107A2-CE14-4CB0-8944-D8006C1F6E23" : [
      {
        "date" : 760156337.548532,
        "title" : "Untitled",
        "transform" : [
          1,
          0,
          0,
          0,
          0,
          0.7071069,
          -0.70710677,
          0,
          0,
          0.70710677,
          0.7071069,
          0,
          0,
          0.3591207,
          0.35912073,
          1
        ]
      }
    ],
    "CDCC13C0-640E-4584-87C2-416654F669C7" : [
      {
        "date" : 755318973.422447,
        "title" : "Untitled",
        "transform" : [
          1,
          0,
          0,
          0,
          0,
          0.7071069,
          -0.70710677,
          0,
          0,
          0.70710677,
          0.7071069,
          0,
          0,
          0.5330774,
          0.5330775,
          1
        ]
      }
    ],
    "CF1A7027-DE10-408F-BB8A-46AA0543861E" : [
      {
        "date" : 741528194.398198,
        "title" : "Untitled",
        "transform" : [
          1,
          0,
          -0,
          0,
          -0,
          0.7071069,
          -0.7071067,
          0,
          0,
          0.7071067,
          0.7071069,
          0,
          0,
          0.4355104,
          0.43551052,
          1
        ]
      },
      {
        "date" : 741525132.191272,
        "title" : "Untitled",
        "transform" : [
          1,
          0,
          0,
          0,
          0,
          0.7071069,
          -0.7071067,
          0,
          0,
          0.7071067,
          0.7071069,
          0,
          -0.0030405624,
          0.07335104,
          0.12710094,
          1
        ]
      },
      {
        "date" : 741522526.18977,
        "title" : "Untitled",
        "transform" : [
          1,
          0,
          -0,
          0,
          -0,
          0.7071069,
          -0.7071067,
          0,
          0,
          0.7071067,
          0.7071069,
          0,
          -2.7939677e-09,
          0.10022597,
          0.10022601,
          1
        ]
      },
      {
        "date" : 741521357.408127,
        "title" : "Untitled",
        "transform" : [
          1,
          0,
          -0,
          0,
          -0,
          0.7071069,
          -0.7071067,
          0,
          0,
          0.7071067,
          0.7071069,
          0,
          1.8626451e-09,
          0.10022597,
          0.10022601,
          1
        ]
      },
      {
        "date" : 741520575.012566,
        "title" : "Untitled",
        "transform" : [
          1,
          0,
          0,
          0,
          0,
          0.7071069,
          -0.70710677,
          0,
          0,
          0.70710677,
          0.7071069,
          0,
          -1.66893e-06,
          0.22035146,
          3.4372292,
          1
        ]
      }
    ],
    "D0C16D15-173D-4EDC-B727-A13B36B2F042" : [
      {
        "date" : 755441134.126247,
        "title" : "Untitled",
        "transform" : [
          1,
          0,
          0,
          0,
          0,
          0.7071069,
          -0.70710677,
          0,
          0,
          0.70710677,
          0.7071069,
          0,
          0,
          0.5934452,
          0.59344524,
          1
        ]
      }
    ],
    "D66134B1-3681-4A8E-AFE5-29F257229F3B" : [
      {
        "date" : 741708821.921194,
        "title" : "Untitled",
        "transform" : [
          1,
          0,
          0,
          0,
          0,
          0.7071069,
          -0.7071067,
          0,
          0,
          0.7071067,
          0.7071069,
          0,
          0,
          0.3291992,
          0.32919928,
          1
        ]
      },
      {
        "date" : 740838554.49308,
        "title" : "Untitled",
        "transform" : [
          1,
          0,
          -0,
          0,
          -0,
          0.7071069,
          -0.7071067,
          0,
          0,
          0.7071067,
          0.7071069,
          0,
          0,
          0.118283175,
          0.118283205,
          1
        ]
      },
      {
        "date" : 740838550.785179,
        "title" : "Untitled",
        "transform" : [
          1,
          0,
          -0,
          0,
          -0,
          0.7071069,
          -0.7071067,
          0,
          0,
          0.7071067,
          0.7071069,
          0,
          0,
          0.11828303,
          0.11828315,
          1
        ]
      }
    ],
    "D7CDD3B8-B729-464A-B6A6-0CB8AA83EFE2" : [
      {
        "date" : 741707050.048413,
        "title" : "Untitled",
        "transform" : [
          1,
          0,
          -0,
          0,
          -0,
          0.7071069,
          -0.7071067,
          0,
          0,
          0.7071067,
          0.7071069,
          0,
          0,
          0.13518858,
          0.13518858,
          1
        ]
      }
    ],
    "DD5EAB72-E26A-4276-BCAA-D5D302039EF5" : [
      {
        "date" : 755347738.9971,
        "title" : "Untitled",
        "transform" : [
          1,
          0,
          0,
          0,
          0,
          0.7071069,
          -0.70710677,
          0,
          0,
          0.70710677,
          0.7071069,
          0,
          0,
          0.4572195,
          0.45721954,
          1
        ]
      }
    ],
    "F402F52E-C78F-497F-A47C-6919ED611ED7" : [
      {
        "date" : 755325317.061456,
        "title" : "Untitled",
        "transform" : [
          0.9996896,
          0,
          0.024915025,
          0,
          0.017617583,
          0.7071069,
          -0.70688725,
          0,
          -0.017617585,
          0.70710677,
          0.70688736,
          0,
          -0.35853684,
          1.9605014,
          -0.81682456,
          1
        ]
      },
      {
        "date" : 742035678.235648,
        "title" : "Untitled",
        "transform" : [
          0.9996896,
          0,
          0.024915025,
          0,
          0.017617583,
          0.7071069,
          -0.70688725,
          0,
          -0.017617585,
          0.70710677,
          0.70688736,
          0,
          0.22891796,
          3.8728285,
          2.020202,
          1
        ]
      },
      {
        "date" : 742035658.936201,
        "title" : "Untitled",
        "transform" : [
          0.9996896,
          0,
          0.024915025,
          0,
          0.017617583,
          0.7071069,
          -0.70688725,
          0,
          -0.017617585,
          0.70710677,
          0.70688736,
          0,
          -0.07333362,
          2.9433494,
          2.942436,
          1
        ]
      }
    ],
    "F6D65C5A-4349-46D3-9603-5D6A186DBC2D" : [
      {
        "date" : 741495114.719244,
        "title" : "Untitled",
        "transform" : [
          1,
          0,
          -0,
          0,
          -0,
          0.7071069,
          -0.7071067,
          0,
          0,
          0.7071067,
          0.7071069,
          0,
          0,
          0.10578172,
          0.10578175,
          1
        ]
      },
      {
        "date" : 741495016.913276,
        "title" : "Untitled",
        "transform" : [
          1,
          0,
          -0,
          0,
          -0,
          0.7071069,
          -0.7071067,
          0,
          0,
          0.7071067,
          0.7071069,
          0,
          0,
          0.105876684,
          0.1058768,
          1
        ]
      }
    ]
  },
  "selectedSceneRelativePath" : "Materials\/TileJitterHMaterial.usda"
}